011011001110110010100110100110110010110110011
110110100010010111001011110100010111011100110
010111100101111001000011111100000110011011110
110011100011000111100011011100111000011011110
010001111100011111110000001111011111111000000
111110000000011110001111001111011111111000000
100111100110000110111100111100000110011011110
111100010000111010011101011101111010010010101
110011010011001011100101011010110100101101101
110111000010001111000111111000001110111111000
101011100101000111011100100011111000011011110
001101011011010111101011010100101001011100110
000111011001110110111011111011001000100100110
001011101010111011011101100010111010010010101
001111100011111001111100000011000110011011110
100101101110100100101101101101100101101010101
101011010101001011011010100101110100101101101
011010110110101100101001101001101101001110011
110001110011100011110001001110011101110001011
011001011110010110110100110100010111011100110
110100110010110011011001100110110010110110011
110001101011100101110010001101011011101010101
111101000000101110010111010111101111000111000
110101010010101011010101101010101011010101101
011010101110101010101010101010101011010101101
100011110111000010011110011110111100001001011
100101011110101000101011101011101001011100110
001110101011101011110101001010010101010101101
110100101010110101011010100101110100101101101
111000110001110010111001111001001100110110011
001001111010011111001111110000011111111000000
011011100110111000100011100011111000011011110
010111001101110011000110111001001100110110011
010101101101011011010010101101100101101010101
001011110010111101011110100001111100001001011
100111010110001010111010111010001010101101101
100111001110001100111001111001001100110110011
001101101011011011101101010010100101101010101
111100100000110110011011011011110110100100110
010111010101110101000101111010001010101101101
110001011011101001110100001011010111011100110
101001011101101001001011110100010111011100110
110000111011110001111000000111001110111111000
001111001011110011111001000110001100110110011
011001101110011010110010110010011011101010101
001101110011011101101110010001100011110001011
101010110101010011010110101001101101001110011
101001101101100101001101110010011011101010101
111001001001101100110110110110010011001110011
010011110100111101100001011110111100001001011
010011011100110111100100011011110110100100110
011010011110100110101100101100100111100011110
001111010011110101111010000101001010101101101
011111000111110000000111000111001110111111000
101100101100110101100101011010110100101101101
100010111111010000010111010111101111000111000
001100111011001111100111011000110000111111000
111000011001111000111100111100000110011011110
000111110001111100111110111110000010001001011
111001100001100110110011110011011001100011110
110011001011001101100110011001110010110110011
110101001010101101010110101001101101001110011
110101100010100111010011101100100111100011110
011100011111000110011100011100111000011011110
110110010010011011001101110010011011101010101
011101100111011000010011010011100111100011110
010100111101001111011000100111110000111111000
101110100100010111110100001011010111011100110
111001010001101010110101110101010101010101101
011110010111100100001101001101011011101010101
100100111110110000100111100111110000111111000
100110110110010010110110110110010011001110011
100011011111001000011011011011110110100100110
111010100001010110101011101011101001011100110
111010001001011100101110101110100011110001011
101000111101110001000111111000001110111111000
110100011010111001011100100011111000011011110
010110011101100111001100110011011001100011110
010110101101101011001010110101010101010101101
101111000100001111111000000111001110111111000
100101110110100010101110101110100011110001011
011000111110001110111000111000001110111111000
000111101001111010111101111101000100010010101
011101010111010100010101010101101011010101101
001110110011101101110110001001010011001110011
011100101111001010011010011010110100101101101
000110111001101110110111110111010001000111000
101100110100110011100110011001110010110110011
110010101011010101101010010101101011010101101
101010101101010101010101101010101011010101101
010110110101101101001001110110010011001110011
111011000001001110100111100111110000111111000
111000101001110100111010111010001010101101101
000011111000111110011111011111111110000000000
110010110011010011101001010110101101001110011
101010011101011001010011101100100111100011110
100110011110011000110011110011011001100011110
101101001100101101101001010110101101001110011
100011101111000100011101011101111010010010101
011110001111100010001110001110011101110001011
000101111001011110101111101111100001111000000
111010010001011010101101101101100101101010101
001010111010101111010111101000101111000111000
101001110101100011001110110001011101110001011
011101001111010010010110010110101101001110011
011001110110011100110001110001011101110001011
111100001000111100011110011110111100001001011
101011001101001101011001100110110010110110011
101101100100100111101100010011100111100011110
010101110101011101010001101110100011110001011
100110101110010100110101110101010101010101101
101100011100111001100011011100111000011011110
011011010110110100100101100101110100101101101
011110100111101000001011001011010111011100110
010010111100101111101000010111101111000111000
101101010100101011101010010101101011010101101
110010011011011001101100010011100111100011110
011100110111001100011001011001110010110110011
001110011011100111110011001100011001100011110
010101011101010111010100101011101001011100110
100001111111100000001111001111011111111000000
110110001010011101001110110001011101110001011
101110010100011011110010001101011011101010101
001011011010110111011011100100110110100100110
010011101100111011100010011101111010010010101
101110001100011101110001001110011101110001011
101110011100011001110011001100011001100011110
110011011011001001100100011011110110100100110
011010100110101000101011101011101001011100110
110001111011100001110000001111011111111000000
001001110010011101001110110001011101110001011
101011110101000011011110100001111100001001011
111010000001011110101111101111100001111000000
010010101100101011101010010101101011010101101
011100010111000100011101011101111010010010101
101100010100111011100010011101111010010010101
110111100010000111000011111100000110011011110
000101110001011100101110101110100011110001011
001101010011010101101010010101101011010101101
010101001101010011010110101001101101001110011
001010011010100111010011101100100111100011110
111010110001010010101001101001101101001110011
000111100001111000111100111100000110011011110
000111010001110100111010111010001010101101101
101011000101001111011000100111110000111111000
111101010000101010010101010101101011010101101
100101010110101010101010101010101011010101101
000010111000101110010111010111101111000111000
010111110101111101000001111110000010001001011
110100100010110111011011100100110110100100110
100111011110001000111011111011001000100100110
110101101010100101010010101101100101101010101
001100110011001101100110011001110010110110011
110101000010101111010111101000101111000111000
011101000111010000010111010111101111000111000
100110001110011100110001110001011101110001011
010111000101110001000111111000001110111111000
001111110011111101111110000001000010001001011
011011110110111100100001100001111100001001011
110110101010010101001010110101010101010101101
111100101000110100011010011010110100101101101
010110001101100011001110110001011101110001011
010101010101010101010101101010101011010101101
111101100000100110010011010011100111100011110
000001111000011110001111001111011111111000000
010001101100011011110010001101011011101010101
011010010110100100101101101101100101101010101
110101011010101001010100101011101001011100110
001001011010010111001011110100010111011100110
101000101101110101000101111010001010101101101
101101110100100011101110010001100011110001011
010010011100100111101100010011100111100011110
101111010100001011111010000101001010101101101
001011100010111001011100100011111000011011110
101111100100000111111100000011000110011011110
100001110111100010001110001110011101110001011
111011100001000110100011100011111000011011110
111100110000110010011001011001110010110110011
100111110110000010111110111110000010001001011
010101111101011111010000101111100001111000000
010100110101001101011001100110110010110110011
101101101100100101101101010010100101101010101
000101101001011010101101101101100101101010101
111010101001010100101010101010101011010101101
001011010010110101011010100101110100101101101
100101111110100000101111101111100001111000000
010011010100110101100101011010110100101101101
110100111010110001011000100111110000111111000
011100001111000010011110011110111100001001011
110011110011000011100001011110111100001001011
110001100011100111110011001100011001100011110
010010110100101101101001010110101101001110011
001101100011011001101100010011100111100011110
111010011001011000101100101100100111100011110
011001001110010010110110110110010011001110011
110000101011110101111010000101001010101101101
010111011101110111000100111011001000100100110
001110001011100011110001001110011101110001011
100111000110001110111000111000001110111111000
111001110001100010110001110001011101110001011
001011111010111111011111100000111110000000000
110010010011011011101101010010100101101010101
001001101010011011001101110010011011101010101
110001001011101101110110001001010011001110011
111001011001101000110100110100010111011100110
110010001011011101101110010001100011110001011
010011111100111111100000011111111110000000000
101101000100101111101000010111101111000111000
100000111111110000000111000111001110111111000
001100011011000111100011011100111000011011110
111011010001001010100101100101110100101101101
101100111100110001100111011000110000111111000
101010001101011101010001101110100011110001011
111001000001101110110111110111010001000111000
101000110101110011000110111001001100110110011
001010101010101011010101101010101011010101101
111000100001110110111011111011001000100100110
001110111011101111110111001000010001000111000
000111111001111110111111111111000000000000000
111111000000001110000111000111001110111111000
110011000011001111100111011000110000111111000
110110000010011111001111110000011111111000000
111110100000010110001011001011010111011100110
101110000100011111110000001111011111111000000
000011110000111100011110011110111100001001011
100011001111001100011001011001110010110110011
101101011100101001101011010100101001011100110
100110100110010110110100110100010111011100110
111100000000111110011111011111111110000000000
011111100111111000000011000011000110011011110
001011001010110011011001100110110010110110011
011110110111101100001001001001010011001110011
011001111110011110110000110000011111111000000
110111001010001101000110111001001100110110011
010101100101011001010011101100100111100011110
010110010101100101001101110010011011101010101
100110111110010000110111110111010001000111000
101010111101010001010111101000101111000111000
001101001011010011101001010110101101001110011
011111001111110010000110000110001100110110011
100001101111100100001101001101011011101010101
110000110011110011111001000110001100110110011
111001101001100100110010110010011011101010101
000111001001110010111001111001001100110110011
011001100110011000110011110011011001100011110
011000101110001010111010111010001010101101101
011001010110010100110101110101010101010101101
100001011111101000001011001011010111011100110
011110101111101010001010001010010101010101101
000110101001101010110101110101010101010101101
101001111101100001001111110000011111111000000
011101101111011010010010010010100101101010101
001000111010001111000111111000001110111111000
010001011100010111110100001011010111011100110
111110010000011010001101001101011011101010101
101100100100110111100100011011110110100100110
011010111110101110101000101000101111000111000
111000001001111100111110111110000010001001011
011100100111001000011011011011110110100100110
011101110111011100010001010001100011110001011
100011111111000000011111011111111110000000000
011011011110110110100100100100110110100100110
010000111100001111111000000111001110111111000
100011100111000110011100011100111000011011110
101001010101101011001010110101010101010101101
110100001010111101011110100001111100001001011
000110011001100110110011110011011001100011110
001111011011110111111011000100001000100100110
011011000110110000100111100111110000111111000
110010100011010111101011010100101001011100110
010100011101000111011100100011111000011011110
100111101110000100111101111101000100010010101
001111101011111011111101000010000100010010101
111000111001110000111000111000001110111111000
010001110100011101110001001110011101110001011
110101110010100011010001101110100011110001011
011100111111001110011000011000110000111111000
100010110111010010010110010110101101001110011
101011011101001001011011100100110110100100110
101000011101111001000011111100000110011011110
011110000111100000001111001111011111111000000
011011101110111010100010100010111010010010101
101100001100111101100001011110111100001001011
001110100011101001110100001011010111011100110
100100101110110100100101100101110100101101101
001111000011110001111000000111001110111111000
100101100110100110101100101100100111100011110
111110001000011100001110001110011101110001011
101001001101101101001001110110010011001110011
010111101101111011000010111101000100010010101
000011011000110110011011011011110110100100110
001100101011001011100101011010110100101101101
111011001001001100100110100110110010110110011
100100110110110010100110100110110010110110011
010011001100110011100110011001110010110110011
011111010111110100000101000101001010101101101
100010101111010100010101010101101011010101101
111000010001111010111101111101000100010010101
101001100101100111001100110011011001100011110
101111001100001101111001000110001100110110011
111100011000111000011100011100111000011011110
001110010011100101110010001101011011101010101
000011101000111010011101011101111010010010101
111101001000101100010110010110101101001110011
010110111101101111001000110111010001000111000
110011101011000101100010011101111010010010101
100011010111001010011010011010110100101101101
110000011011111001111100000011000110011011110
100010011111011000010011010011100111100011110
101110110100010011110110001001010011001110011
000101011001010110101011101011101001011100110
101010100101010111010100101011101001011100110
101110101100010101110101001010010101010101101
010011100100111001100011011100111000011011110
110110011010011001001100110011011001100011110
110111010010001011000101111010001010101101101
001010110010101101010110101001101101001110011
101010010101011011010010101101100101101010101
000110110001101100110110110110010011001110011
011110011111100110001100001100011001100011110
011000011110000110111100111100000110011011110
100101001110101100101001101001101101001110011
000100111001001110100111100111110000111111000
110110110010010011001001110110010011001110011
011101011111010110010100010100101001011100110
110001010011101011110101001010010101010101101
110010111011010001101000010111101111000111000
101011101101000101011101100010111010010010101
100100011110111000100011100011111000011011110
100110010110011010110010110010011011101010101
011000110110001100111001111001001100110110011
101000101101010101000101111000001010011101100
001001000100110101100101010010110100101101101
100110001100000101001100110011011001100011110
100001111011100000101111001111000001111000000
001010011010101101010110101000100111000011010
101100100100010110110100011011010110000100110
100101101010100000111101101101000100010010101
011001100110001010110010110010011001100001101
001101110100011101100000010001100011110001011
110010000010010010100110100110110010110110011
110010101010010101001010110001001001010101101
110100001010110000000110100111110000111111000
001101100011011001101100000011000110110011010
111011000001000110100011100011110000110110010
011100101111101000001010001010010100011101100
011000101110100010101010101010100011100001101
101010101101000100011101001010111010010000101
011100100000111100011010011010110100001001011
110000011011011001101100000011100011110001010
100110100100010100110100110110010011001100011
010101110100011111010000101110000011111000000
100100111110100000001111001111110000111000000
001100101000011101100101011010110100101001001
111010001000011100100000001110011101110001011
100001011110101000101010001011000011011100110
011011001110110010100000000110001100110110011
010101100001000101010011101100100011100011110
110001010011101001100101001010010101001100101
010110011101001111001000110011010001100011000
111100001000011100010110010110101101000001011
100100010010001011100101011010110000101101101
100010110111000010011100011100101100001011010
110010001011011001100010010001100011100011110
100001110010100010011110001110111100000001011
011000110110001100110001101000001101110001011
011010100110101000001011101001000101011100110
101100010100010011100010010101101011010100101
011100100011101100010010001001010011001110011
000000110010101011010101101010101011010101001
101100011000111000100110011100110000011011010
110001001011100001010110001001001101001110011
010011110100111101000001011110000110001001010
101100110000110010101010011001100010110100011
010011010100110101000100100001110100101101101
000010111000101110010111110100000111000111000
000101110001011100101110111000000010110001011
110001010010101011010101100010110000010101101
001100011010010011100011010100111000011010110
010010110100101101100001011000101100001110011
100001101110100100100101001101010101101000101
010111001101110011000010010101001100010110001
000001111011000100001111001101011011111000000
110100000010001000011011011011110110100100110
100101100100000111110100001011000111011000110
001100011100100011100010011100111000010011110
110101001000101100010110101100100101001010011
011101000011110000010010000111001110101111000
100010101101010100010101100011101001010101100
001001100110100110101100100000100111100011110
110010001001011101000010101100100011110001011
110011010011001001100100011010100110100101100
100001010101000011010100101011101001011100110
010110101101001111001000110101010001010101000
110100011010011001011000100011110000101011100
001101001011000111100011010100101001001110010
111100010000011010011001001101110010100010101
111001000000101110110011110011011001000011000
100101110110100000101110001001100011110000011
001101110011100101101110000001000011100001011
110000011011110001111000000110000110110011010
000110000100110111100100011011010110100100110
001000101100110011100110011000110010110110001
100101010110100010101010001110001001110001011
001110100101001001010000001011010111011100110
011100011111000110010100010100011001001010110
111010000001011010101101101011100001011000100
101010110101000011010110101000101101000011010
010000011111010100010100010101101011010101100
100101101100100101101100000011100101101010100
101101000100101011101000010101001101010101001
001111100101101001001000000011000110011011110
101001000100001100110001110001011101110001011
111000001001001100111010111010000010101101001
101110100100000111101100000011000111010001110
111000010001111000111100110101000100010001101
001010110100101101000001101000101101001110011
000111100001011100101110101110000010011001010
011001110010100010110001100000011101110001011
111100001000101100001110010110011101000001011
010110000100101011001010010101001011010101101
110001110011000011110000001110011101101000001
101101010100101001101010000101101000001101101
100110010110011000110010110010000011100011110
000001110001010110101011101011101001011000010
011100101111100010001010001010010101100001101
110101010000101011010100000011101011010101100
001000111010010101000111110000001110111101000
110100001010111001011100000010111100001001011
010110100100101011001010010101010011010100101
111001010000101010010101010101110100000101101
011001000110101010100010100010101011010101101
001101100011001101100110010001100011100011010
110000111010110001011000100110100010110111000
010101011010010011010100100010101001011100110
001010101110001000010001101010101011010101101
100001110011100010101000001110001101110001011
111101000000101010010101010101001101010101001
100001110100100010001110011110111100000001011
000110001111010010010110010110001101000110011
100000111010110000001111000111011110111000000
010111001110110010000110100100000100110110011
100001011101101001001010000001010111011100110
001000100101101011001010110001010101010101101
101110000100011011110000001101001110111010000
100011110011000000111110011110000010001001011
010110100101101001001001110100010011001010110
000110100011100011110001001110010101010001011
010010111000110011101000010111101110000110000
110110000010001001001011110000010111011100110
000111101001111011011000100101000100010010101
111011000001001100100011100110110000011110010
101001100100100111001100010011001011100011100
011010010100110100100101101000100100101101101
100001110101100000001110011110011100001001011
101001010001101010010011110101010101000101100
001010111110000010010110101000101111000111000
100011100111000010010010011100111000001011110
100011001111001000010011010011110010100010110
110100001010111001001110100001111000011001010
100101100110000110101100111000000110101011100
011001101101010000010010110010001011101010101
000110111101100110001100110111010001000011000
111100100000010110001011001011010111111000000
100000011110100000101110101110100011110001010
101000110101110001000110111000001010110110001
110001011001101001010100101011000001011100110
001101110011011101101110010000100000111001000
101001010001000011101010010101101001010101101
101000110001110011011000100001001100110110011
001011011010110111001110100000110110100000010
110110000010010111001011110000011001011000110
001101101110010010100100010010100101101010101
000001111000011110010100001111011111011000000
010110110000101111001001110110010011000110000
101000001101010100010101010100101011010101101
011011000110110000100110100011110000011110010
101110100100000111111000000011000110011100110
001111000011110000100110000111000010111111000
001010101010101010010010101010101011000101101
001010100010011111001111100000011111011000000
010000111100101011101000010101101010010111000
101110001100010100010101001110011101010001001
010010110100101101100001010110101101000011010
000110001101011001010011101100000101100011110
111100010000111000010101011100101010010001101
100011011011001001001100010011110110100000110
100000111111010000010110000111101100001111000
110010100001010111101010000101101001011100100
011001100000010010110011110011011001100010110
000010111000101110011001010111101110000110000
011110001100001010001010001110011101110001001
110010010001011011100101011010100100101000101
010010010100001111101000000111001110101111000
011011001110110010100010100100110010100010101
010111000101110001000011111000001010011101100
100111001110000100111001011101001000010010101
011001100100011010110010000001011011101010101
101001100101000010011110010010111100001001011
110000100011110111111011000100001000100100110
