110011100011000111100011011100111000011011110
101011001101001101011001100110110010110110011
101100011100111001100011011100111000011011110
001111010011110101111010000101001010101101101
110100011010111001011100100011111000011011110
111010010001011010101101101101100101101010101
111110000000011110001111001111011111111000000
100111100110000110111100111100000110011011110
011011100110111000100011100011111000011011110
010011101100111011100010011101111010010010101
101110010100011011110010001101011011101010101
101110100100010111110100001011010111011100110
001101101011011011101101010010100101101010101
001110011011100111110011001100011001100011110
011100110111001100011001011001110010110110011
000101111001011110101111101111100001111000000
110000111011110001111000000111001110111111000
111000101001110100111010111010001010101101101
111010100001010110101011101011101001011100110
001110101011101011110101001010010101010101101
010111100101111001000011111100000110011011110
010110011101100111001100110011011001100011110
101010011101011001010011101100100111100011110
101011010101001011011010100101110100101101101
100011011111001000011011011011110110100100110
111000011001111000111100111100000110011011110
100111001110001100111001111001001100110110011
110101001010101101010110101001101101001110011
110010110011010011101001010110101101001110011
111010001001011100101110101110100011110001011
010001111100011111110000001111011111111000000
100101011110101000101011101011101001011100110
110011001011001101100110011001110010110110011
101110001100011101110001001110011101110001011
011100011111000110011100011100111000011011110
001111001011110011111001000110001100110110011
011110010111100100001101001101011011101010101
001011110010111101011110100001111100001001011
111011000001001110100111100111110000111111000
110100101010110101011010100101110100101101101
111101000000101110010111010111101111000111000
100011101111000100011101011101111010010010101
011101100111011000010011010011100111100011110
110101100010100111010011101100100111100011110
011001011110010110110100110100010111011100110
010111010101110101000101111010001010101101101
011100101111001010011010011010110100101101101
010101101101011011010010101101100101101010101
010110110101101101001001110110010011001110011
001100111011001111100111011000110000111111000
110001110011100011110001001110011101110001011
001101011011010111101011010100101001011100110
001001111010011111001111110000011111111000000
010111001101110011000110111001001100110110011
110110010010011011001101110010011011101010101
111100001000111100011110011110111100001001011
010011011100110111100100011011110110100100110
011111000111110000000111000111001110111111000
010101110101011101010001101110100011110001011
110010101011010101101010010101101011010101101
110011010011001011100101011010110100101101101
101101100100100111101100010011100111100011110
111100100000110110011011011011110110100100110
100111010110001010111010111010001010101101101
101010110101010011010110101001101101001110011
010011110100111101100001011110111100001001011
000111011001110110111011111011001000100100110
110101010010101011010101101010101011010101101
001101110011011101101110010001100011110001011
101101010100101011101010010101101011010101101
111100010000111010011101011101111010010010101
111001100001100110110011110011011001100011110
110110001010011101001110110001011101110001011
100010111111010000010111010111101111000111000
101011100101000111011100100011111000011011110
001111100011111001111100000011000110011011110
101000111101110001000111111000001110111111000
001010111010101111010111101000101111000111000
100110110110010010110110110110010011001110011
000011111000111110011111011111111110000000000
000111110001111100111110111110000010001001011
110100110010110011011001100110110010110110011
110001101011100101110010001101011011101010101
011001101110011010110010110010011011101010101
011101001111010010010110010110101101001110011
111000110001110010111001111001001100110110011
110111000010001111000111111000001110111111000
011000111110001110111000111000001110111111000
000110111001101110110111110111010001000111000
000111101001111010111101111101000100010010101
101100101100110101100101011010110100101101101
100110011110011000110011110011011001100011110
110001011011101001110100001011010111011100110
101010101101010101010101101010101011010101101
010110101101101011001010110101010101010101101
100101110110100010101110101110100011110001011
101001110101100011001110110001011101110001011
011011010110110100100101100101110100101101101
100101101110100100101101101101100101101010101
010010111100101111101000010111101111000111000
100110101110010100110101110101010101010101101
011011001110110010100110100110110010110110011
010100111101001111011000100111110000111111000
010101011101010111010100101011101001011100110
100011110111000010011110011110111100001001011
100001111111100000001111001111011111111000000
101100110100110011100110011001110010110110011
101001011101101001001011110100010111011100110
001110110011101101110110001001010011001110011
111001010001101010110101110101010101010101101
011010101110101010101010101010101011010101101
011110001111100010001110001110011101110001011
011001110110011100110001110001011101110001011
100100111110110000100111100111110000111111000
110110100010010111001011110100010111011100110
111001001001101100110110110110010011001110011
110010011011011001101100010011100111100011110
001011101010111011011101100010111010010010101
101101001100101101101001010110101101001110011
101001101101100101001101110010011011101010101
011110100111101000001011001011010111011100110
011010110110101100101001101001101101001110011
011010011110100110101100101100100111100011110
011101010111010100010101010101101011010101101
101111000100001111111000000111001110111111000
001011011010110111011011100100110110100100110
011101011111010110010100010100101001011100110
110011101011000101100010011101111010010010101
111101010000101010010101010101101011010101101
001100110011001101100110011001110010110110011
101000101101110101000101111010001010101101101
111110010000011010001101001101011011101010101
011001010110010100110101110101010101010101101
101110101100010101110101001010010101010101101
110000110011110011111001000110001100110110011
011001001110010010110110110110010011001110011
001010101010101011010101101010101011010101101
100111011110001000111011111011001000100100110
010100110101001101011001100110110010110110011
111101100000100110010011010011100111100011110
011010100110101000101011101011101001011100110
110010100011010111101011010100101001011100110
110111010010001011000101111010001010101101101
010011010100110101100101011010110100101101101
000111100001111000111100111100000110011011110
001110111011101111110111001000010001000111000
101010010101011011010010101101100101101010101
011110011111100110001100001100011001100011110
110110000010011111001111110000011111111000000
110001010011101011110101001010010101010101101
011110110111101100001001001001010011001110011
101011110101000011011110100001111100001001011
010001101100011011110010001101011011101010101
110110101010010101001010110101010101010101101
111110100000010110001011001011010111011100110
101101000100101111101000010111101111000111000
101101011100101001101011010100101001011100110
000111010001110100111010111010001010101101101
101110110100010011110110001001010011001110011
110101000010101111010111101000101111000111000
110001001011101101110110001001010011001110011
001010011010100111010011101100100111100011110
010110100101101001001011110100010111011100110
010100011101000111011100100011111000011011110
001101001011010011101001010110101101001110011
101100100100110111100100011011110110100100110
110011011011001001100100011011110110100100110
010101001101010011010110101001101101001110011
001000111010001111000111111000001110111111000
111001101001100100110010110010011011101010101
110111100010000111000011111100000110011011110
010110111101101111001000110111010001000111000
101111100100000111111100000011000110011011110
000010111000101110010111010111101111000111000
111010011001011000101100101100100111100011110
100010110111010010010110010110101101001110011
001001101010011011001101110010011011101010101
111010000001011110101111101111100001111000000
000001111000011110001111001111011111111000000
110011000011001111100111011000110000111111000
110100010010111011011101100010111010010010101
110100100010110111011011100100110110100100110
101010001101011101010001101110100011110001011
100101111110100000101111101111100001111000000
111011100001000110100011100011111000011011110
010100101101001011011010100101110100101101101
000111001001110010111001111001001100110110011
100001011111101000001011001011010111011100110
001100011011000111100011011100111000011011110
111000100001110110111011111011001000100100110
100101010110101010101010101010101011010101101
001111011011110111111011000100001000100100110
111100101000110100011010011010110100101101101
100011111111000000011111011111111110000000000
010110010101100101001101110010011011101010101
110010111011010001101000010111101111000111000
100110001110011100110001110001011101110001011
110011110011000011100001011110111100001001011
001110001011100011110001001110011101110001011
001101100011011001101100010011100111100011110
001111101011111011111101000010000100010010101
001111000011110001111000000111001110111111000
101100010100111011100010011101111010010010101
110101101010100101010010101101100101101010101
000110110001101100110110110110010011001110011
011010010110100100101101101101100101101010101
100111101110000100111101111101000100010010101
111000010001111010111101111101000100010010101
011011011110110110100100100100110110100100110
011101110111011100010001010001100011110001011
111100110000110010011001011001110010110110011
011111100111111000000011000011000110011011110
010010110100101101101001010110101101001110011
001011010010110101011010100101110100101101101
010111110101111101000001111110000010001001011
010101010101010101010101101010101011010101101
101111001100001101111001000110001100110110011
010110001101100011001110110001011101110001011
100110100110010110110100110100010111011100110
101001001101101101001001110110010011001110011
010001011100010111110100001011010111011100110
011010111110101110101000101000101111000111000
011100111111001110011000011000110000111111000
111100011000111000011100011100111000011011110
000100111001001110100111100111110000111111000
011000110110001100111001111001001100110110011
100001110111100010001110001110011101110001011
111110001000011100001110001110011101110001011
011010001110100010101110101110100011110001011
101101110100100011101110010001100011110001011
111111000000001110000111000111001110111111000
101111010100001011111010000101001010101101101
110000101011110101111010000101001010101101101
011100001111000010011110011110111100001001011
110001100011100111110011001100011001100011110
000101110001011100101110101110100011110001011
100011010111001010011010011010110100101101101
101001111101100001001111110000011111111000000
100011100111000110011100011100111000011011110
101010111101010001010111101000101111000111000
100100110110110010100110100110110010110110011
010101111101011111010000101111100001111000000
111010110001010010101001101001101101001110011
101001010101101011001010110101010101010101101
101011101101000101011101100010111010010010101
010011001100110011100110011001110010110110011
001011111010111111011111100000111110000000000
110100001010111101011110100001111100001001011
101011000101001111011000100111110000111111000
100100101110110100100101100101110100101101101
101110000100011111110000001111011111111000000
111100000000111110011111011111111110000000000
100001101111100100001101001101011011101010101
000110101001101010110101110101010101010101101
110010001011011101101110010001100011110001011
010111011101110111000100111011001000100100110
110111001010001101000110111001001100110110011
001101010011010101101010010101101011010101101
111101001000101100010110010110101101001110011
010111000101110001000111111000001110111111000
110001111011100001110000001111011111111000000
001001110010011101001110110001011101110001011
011011101110111010100010100010111010010010101
011110000111100000001111001111011111111000000
111010101001010100101010101010101011010101101
111000001001111100111110111110000010001001011
100110111110010000110111110111010001000111000
111011010001001010100101100101110100101101101
110101011010101001010100101011101001011100110
100011001111001100011001011001110010110110011
110100111010110001011000100111110000111111000
101000110101110011000110111001001100110110011
101010100101010111010100101011101001011100110
011101000111010000010111010111101111000111000
011000011110000110111100111100000110011011110
010000111100001111111000000111001110111111000
001110100011101001110100001011010111011100110
100000111111110000000111000111001110111111000
011100100111001000011011011011110110100100110
101101101100100101101101010010100101101010101
010010011100100111101100010011100111100011110
111011001001001100100110100110110010110110011
010001110100011101110001001110011101110001011
100010011111011000010011010011100111100011110
010101100101011001010011101100100111100011110
111001110001100010110001110001011101110001011
100101001110101100101001101001101101001110011
100101100110100110101100101100100111100011110
111001000001101110110111110111010001000111000
001001011010010111001011110100010111011100110
110101110010100011010001101110100011110001011
001011001010110011011001100110110010110110011
100111110110000010111110111110000010001001011
111000111001110000111000111000001110111111000
011000101110001010111010111010001010101101101
101001100101100111001100110011011001100011110
011011110110111100100001100001111100001001011
010011100100111001100011011100111000011011110
101100111100110001100111011000110000111111000
011111001111110010000110000110001100110110011
011001111110011110110000110000011111111000000
100100011110111000100011100011111000011011110
011100010111000100011101011101111010010010101
001110010011100101110010001101011011101010101
011001100110011000110011110011011001100011110
110110011010011001001100110011011001100011110
001010110010101101010110101001101101001110011
100010101111010100010101010101101011010101101
010111101101111011000010111101000100010010101
011101101111011010010010010010100101101010101
101100001100111101100001011110111100001001011
111001011001101000110100110100010111011100110
001101111011011111101111010000100001111000000
101000011101111001000011111100000110011011110
011110101111101010001010001010010101010101101
010010101100101011101010010101101011010101101
000101011001010110101011101011101001011100110
101110011100011001110011001100011001100011110
110000011011111001111100000011000110011011110
001011100010111001011100100011111000011011110
000110011001100110110011110011011001100011110
101011011101001001011011100100110110100100110
100110010110011010110010110010011011101010101
001100101011001011100101011010110100101101101
110010010011011011101101010010100101101010101
000011011000110110011011011011110110100100110
010011111100111111100000011111111110000000000
011011000110110000100111100111110000111111000
011111010111110100000101000101001010101101101
100111000110001110111000111000001110111111000
001111110011111101111110000001000010001001011
000111111001111110111111111111000000000000000
110110110010010011001001110110010011001110011
000011110000111100011110011110111100001001011
111001001000101100110000010110001101001110011
011010100111011000000011000011100111000011110
011110100111101000001001001001000111001110010
010110011101101011001000110101010001000011100
110001110011000011100001001110011101011000010
111110000000011010001110001101011011101000001
000110101011001000110101010001010101010101101
011101000111010000000010010101101011010101101
110100100010110011011001100100100110100010110
110001001011100100100100001101010011101010101
000111100010001010111100111000000110011011100
110010010011010011101001010010100100101100101
001110001011101001110001001010010101010001110
100110101110000100110101111001000100010100101
111000010000011000110101110101010101010001101
110110010000011010001101100001011001101010101
001101110011011101001111010000000011111000000
111100000000011110011110001111111100001000000
000111100001111000000101111100000110011011100
001111010010011001111010000001001010101001101
011010100110101000101010101001101001001100101
000011010111101000001011001011010110001100110
111000001001110100111010010100001010001101101
111000100001110010101011101011001000110100010
010011010000010111100101011010110100101100100
010110101101101011000010110101000101000011100
010101000111000100010101011101101010010010101
100001100001100010111001111001001100110010011
011000011111000100011100011100101010010011100
001011100011000001011100000011111000011011110
110001011010101000110000101011001001011100110
000110101101101001000011110100010101010101100
001001100010110111011011100000110110100000110
001111000001100011111000000111001100110111000
100110001110010100110001110001010100110101001
001110010001010101110010001101001011101000101
111001100001100010110001110001011000110011010
001000010110011010110010110000011011101010101
000100111001011100101110100111100001110001000
011101100111011000010010010010000110001011110
110000101011100101110010000101010011001100101
010100011101000111001100010011110000100011110
101101010000101011011010000101101010000101101
111000000001111110111111111111000000000000000
101100001100110101100001011010101100001100011
000101110111000010011110011110100000001001011
000111010001110100111010111010001000100001011
010110101111000010001010010100010101010101101
001010101110001010110010101010001011000101101
111100010000011010001101011100011010011010100
000101011000110110011011011011101000000100110
001001110010011101101100010001100111100001010
011100101011101010010010001010010101000101101
100001110101100010001110001111011101110000000
100011011111000000011011011011011010100000100
000011101000111010100001011101111000010010101
001110001011100010100101001110010101110001001
100110010110010010110100110100010011001100110
001011001010110010101010100110100010110100011
000011110000111010011110011101111010000000001
010110010100110101000101110010010000101101101
110001100001100111010011100100010001100011110
110010101010010100100010110101010001010101101
000111001010010010111001110000001100110110011
100101100100100010101100101101100101100010101
001001000110001110111000110000001110111111000
111000001001101100110110001000010011001110011
001010111010101110110111100000010001000111000
011100110111001010011000011000110000101101001
110001110011100001110000001101011011110000001
100010111101010001010101001010101111000101000
100101001100100101001101110010001001101010101
110100011000111001011000000101111000011011100
000010010011101001110100001011010111001100110
110001000010000110110100111100000110011011110
110100001010111001011100000011110100001001110
101000110000110001010110101001101100001110011
001101110011111001101110000001000010010001011
111010100001000110100011101010101001010101100
100101101110100000100111100111100000111010000
101100010000111011000011011100111010010010100
010100111100100011001000100111110000110111000
011001001011001000110110010010010011001110011
010011101100100111100000011101111010000010100
010011011101100011000100011011010100100100110
110100011010101001010100001011111000011000110
010100100110110000000011100111110000111111000
111100000000101110011110010111111100000001000
101110001000011100101110001110000001110001011
101010010101010011010010101001001001101010101
011001001010000100110110110100010011001110011
001011110010111100111100100001000100001001011
100010101111010000010101010110101101000101001
001100011011010011100011010100101001001010110
011001100100000110110000110011011001100011110
001011100010101011011100100010111000010001101
000101101001011010001111101101000101111000000
100110101100010101100000010101010101010101101
101011100101000011010010100001111000001011110
101001001101001101001001100110100011110000011
101001001101101001001001110100000110011110010
100010001111011100010001010001100011110001011
100111100110000010111100111100000010010001101
110001011010101001010100001011100011010100110
110010001011010001101000010110101101000110011
001101001011010011100010010100101001001110011
011010011110100110001100001100011101100001010
000111010101010000010010111010001010101101101
111100010000110010010101011001101010010100101
010101010101010101000101101010100000101101101
000110010001100100110010110010011011101010101
010010011001100001101100010011000111100011110
110110001010011001001100110001011000110011010
010001110011000111110001001100011001110001010
001111001010110101111001000100001100100100011
100101101100100100101101111101000100000010101
001100101011001010110101010000010101010101101
111000101000110100011010101000100100101101101
100010111011010001010011000100101111000111000
101010110100010011010110100001110100001100011
001010000101100111001100100011011001100011110
001000111110001100101001111000001100111110000
010110100011111001001000000011000110011011110
011001000110100100100101100101100101101010101
001000111010001111000111011000110010110110000
100101001110100000101110101110100001110000011
000100011101110001000111111000001000111111000
001001101000000111001101110010011011101010100
111100001000011100001110010110011101000001011
010101001101110101000100111010001000101100101
001001110011001101001110010001010001110001011
101101000100001111110000000111001111010101000
101010010101001011010010100101110000101011100
010110010000010111001101110010011011101000100
010110101001001111001010110101010001010101000
110010010011010011101001010010100101100010011
011000011100111000100000111100000110011011110
101011001100001100101000100110100010110110011
110010010011011001000101010010100111100011100
101010101101000101011001100010110010010110001
110001011011001001100100001011100111100000110
000110100010110101011010100101010100001101101
001010011011100101010011001100001011100011100
111011000000001110000111000111011010111010000
101000101101110001000101111000001010011011100
001011011110000110011000100100110110100100110
101010110101000000001001101001101101001110011
001011100010010101011100100001111000011001110
001000111010001111000111101000001111100011000
111001001001100100110100110010010011001100110
010001011010000111110100001000010111011100110
111001001001100100010110010110011001001010011
100101010100101011001010110000001011010101101
011001100011100010110001000010011101110001011
111000001000111100100010011110111000001001011
011010100011010110101011000000101001011100110
110100010010011011010100100010011011001010101
001110010011010101101010000101001011001100101
010010000110001010101010111010001010101101101
110001100011100011110001001100010101100001101
111001111001100000110000110000011111111000000
011110010110101100001001001001011001001010011
100110010010001001110010001001011011101010101
011001011000110010110100110100010110010100110
001011100010111000100100100011110000011011110
010111001011110011000100000010001100110110011
010100011110101011110100110011001010101110101
001100110110101010101011001100110001100101101
111001001001101000001011100000010101111001101
000111101111111010001100011111001100000110000
101010101000101100110101101111001000001110011
010011110000001111100111010000111100100001100
010000010011110100101000101101011101110000101
110001011010111000110011001100101010111100101
111001000001100010001011001110011100011000110
010000110000110011110010011110111000100011100
1010111001010011
101110101101101000011010001101110011101010110
111000011100101001011011110010111001010010011
001101101110111001100010110010011100010101101
010100110101001011110101110100010010011000110
010010011011010011010000010010010110110100100
110011001101100010101100000101101111110100110
111001100001001100111100000001111111011100101
010001111001001110001110100000001011001111000
111100010000110010101101101110100001011010100
001111100111100001110010011011000110101101110
010111001110000100100110011011000011011101110
110100100100010111011010010001111001010010110
1101100100111001
110001000011011011101100000011010111010101110
010001101011011001111011101100000100011011110
111001010001101010111100011011010010010101101
100101011111101000011001000101100101101100110
101000011000111001011100100010101010110011100
011000101110011000110110100101111101100010011
001100011011010100011111101000011011100100110
001000010000111011001011101101001000010011101
000111001111100001011000010010001101010110100
1011011000110011
000110101110001010101100110010010110110100110
010110110100001011001100111110100010111101110
001001110011101100010111111100100001001110011
000111101110011110101100100110110000010011000
011001011111101111100000001100010110000111100
110010101011000101011011101010010000101011110
110010110101100110110110110001010011100000110
010101010101101011100010011011000011101101101
111110000010100111010010101010100100111111110
10100101
000111101100110110011100001110101100011010110
011110010111010000100111011011010101001101101
100011100111001101011100001110100010110110000
001101100100100110101100101001001110010110110
010111010111100111100001000001111110100010110
011011101111110101000010001010101010111110000
110000100011101000011001000011110111011010010
100101011100100101101001010100111110010010011
010010111110101110111000101110101000000101110
001111100101101100001110100001111000010101100
110011010100101100101000111110001011101010011
100010101011010101100110000110000111111000101
111110010000101010100101110010010010000101110
110110001011011000011010010010010011111110100
101001011100001101100110101100110010111100000
010011110011110000010011101101110110000101110
101100010100111100011001010011010010110000011
111001010001010101001011000101011111111000101
000110110011100111111110011100100001000010101
010101011011100111010111001000110100001110011
101110001001101101011010001001001101101111101
101010011001101000101011101100101011011110000
101001100101001111100001101010001010101010110
010110010110101010101011110110101000101010110
101010010100101101110000100011011010110010011
101001110001010011101010101001010100001101100
110001100010101111100010111010011010011010000
011011100011010100101100010110111110010011101
100110011100110010101001101100011000101000110
110010101111010000000100001111010100100100110
111000001101110000101010010111001011101110110
111001001000101100111010100110101110001000011
101111001100101101100010001001110101010101110
110101001100101101001001101110001100110100110
101010001001010101101001100100011001011100110
101001101101001001011110010010000110111111000
101110001000110100110101000111011101100010101
010010100011010101111001000111110001010100011
101001001001011001110010110101101001100100110
101010110100101100111100111001100011101100101
100010100110111001100010001100100111011010110
111001100001101010111010011011010001010010110
101111001100001101110010010101011011101010110
101010010100110100100101111010010101011010110
001100111011100101100011001100101100010000101
111001001001000101111100100010100100101011100
000111010101011101000101010110110011001111100
100101001110001011110001100011010100100100101
101011010100001101100100011111001001011000011
101010101000111000111010110101010110011010011
001000111001010101101111011000110110100011101
111110100000010110011011110100110101010010011
010000100110110011001111001010111000101010110
010100110101111000110110001111101100100001000
100101111101100001001011110100010100101010110
1110000100
